45.44
35.33
26.64
21.46
21.46,39.79
16.56
33.55
9.57
13.91
42.24
30.09
39.79
45.68
45.68,44.73,47.7,45.44
21.46
12.41
47.7
12.83
28.76
11.92
37.79
39.13
34.12
27.77
26.64,49.58,9.78,9.57,32.23,13.45,13.53,37.79,11.92,10.88
46.31,40.2,20.37,41.5,39.79,34.12,35.17,39.61,48.46,17.73
49.02
42.24
13.97
33.55
37.79,11.92,10.88,22.68
9.57,9.15,13.45,13.53,27.86,37.79,11.92,10.88,22.68,33.74,13.19,48.53,39.07,42.24,31.76,22.05,20.43,9.71,31.22,34.82,45.11,31.96
32.75,28.8,33.78,15.82,16.89,23.02,22.79,44.3,21.46,40.31
33.78
19.76
23.26
29.89
9.5,35.17,35.06,6.11,30.2,23.37,26.78,41.68,17.59,38.77,24.46,15.37,38.03,44.93,42.71,4.81,9.02,6.24,7.99,10.98,29.89,21.61,12.84,17.5,49.91
46.09
19.76
19.26,2.59,26.14,18.19,13.29,28.37,16.56,27.02,33.16,24.29,15.4,39.61,8.08,26.84,37.47,36.1,30.96,21.58,5.84,17.48,24.49,13.94,21.48,5.58,34.55,23.61,23.26,36.28,15.97
